Vertex Count: 996

Data:

-2.61797 5.65652 -12.038 0.375 0.95 0 0 -1
-1.33322 0.881392 -12.038 0.425 1 0 0 -1
-2.61797 0.881392 -12.038 0.375 1 0 0 -1
-1.33322 5.65652 -12.038 0.425 0.95 0 0 -1
-1.33322 0.881392 -12.038 0.425 1 0 0 -1
-2.61797 5.65652 -12.038 0.375 0.95 0 0 -1
-1.33322 5.65652 -12.038 0.425 0.95 0 0 -1
-0.048469 0.881392 -12.038 0.475 1 0 0 -1
-1.33322 0.881392 -12.038 0.425 1 0 0 -1
-0.048469 5.65652 -12.038 0.475 0.95 0 0 -1
-0.048469 0.881392 -12.038 0.475 1 0 0 -1
-1.33322 5.65652 -12.038 0.425 0.95 0 0 -1
-0.048469 5.65652 -12.038 0.475 0.95 0 0 -1
1.23628 0.881392 -12.038 0.525 1 0 0 -1
-0.048469 0.881392 -12.038 0.475 1 0 0 -1
1.23628 5.65652 -12.038 0.525 0.95 0 0 -1
1.23628 0.881392 -12.038 0.525 1 0 0 -1
-0.048469 5.65652 -12.038 0.475 0.95 0 0 -1
1.23628 5.65652 -12.038 0.525 0.95 0 0 -1
2.52103 0.881392 -12.038 0.575 1 0 0 -1
1.23628 0.881392 -12.038 0.525 1 0 0 -1
2.52103 5.65652 -12.038 0.575 0.95 0 0 -1
2.52103 0.881392 -12.038 0.575 1 0 0 -1
1.23628 5.65652 -12.038 0.525 0.95 0 0 -1
2.52103 5.65652 -12.038 0.575 0.95 0 0 -1
3.80579 0.881392 -12.038 0.625 1 0 0 -1
2.52103 0.881392 -12.038 0.575 1 0 0 -1
3.80579 5.65652 -12.038 0.625 0.95 0 0 -1
3.80579 0.881392 -12.038 0.625 1 0 0 -1
2.52103 5.65652 -12.038 0.575 0.95 0 0 -1
-2.61797 10.4316 -12.038 0.375 0.9 0 0 -1
-1.33322 5.65652 -12.038 0.425 0.95 0 0 -1
-2.61797 5.65652 -12.038 0.375 0.95 0 0 -1
-1.33322 10.4316 -12.038 0.425 0.9 0 0 -1
-1.33322 5.65652 -12.038 0.425 0.95 0 0 -1
-2.61797 10.4316 -12.038 0.375 0.9 0 0 -1
-1.33322 10.4316 -12.038 0.425 0.9 0 0 -1
-0.048469 5.65652 -12.038 0.475 0.95 0 0 -1
-1.33322 5.65652 -12.038 0.425 0.95 0 0 -1
-0.048469 10.4316 -12.038 0.475 0.9 0 0 -1
-0.048469 5.65652 -12.038 0.475 0.95 0 0 -1
-1.33322 10.4316 -12.038 0.425 0.9 0 0 -1
-0.048469 10.4316 -12.038 0.475 0.9 0 0 -1
1.23628 5.65652 -12.038 0.525 0.95 0 0 -1
-0.048469 5.65652 -12.038 0.475 0.95 0 0 -1
1.23628 10.4316 -12.038 0.525 0.9 0 0 -1
1.23628 5.65652 -12.038 0.525 0.95 0 0 -1
-0.048469 10.4316 -12.038 0.475 0.9 0 0 -1
1.23628 10.4316 -12.038 0.525 0.9 0 0 -1
2.52103 5.65652 -12.038 0.575 0.95 0 0 -1
1.23628 5.65652 -12.038 0.525 0.95 0 0 -1
2.52103 10.4316 -12.038 0.575 0.9 0 0 -1
2.52103 5.65652 -12.038 0.575 0.95 0 0 -1
1.23628 10.4316 -12.038 0.525 0.9 0 0 -1
2.52103 10.4316 -12.038 0.575 0.9 0 0 -1
3.80579 5.65652 -12.038 0.625 0.95 0 0 -1
2.52103 5.65652 -12.038 0.575 0.95 0 0 -1
3.80579 10.4316 -12.038 0.625 0.9 0 0 -1
3.80579 5.65652 -12.038 0.625 0.95 0 0 -1
2.52103 10.4316 -12.038 0.575 0.9 0 0 -1
-2.61797 12.6784 -12.038 0.375 0.85 0 -0.576597 -0.817029
-1.33322 10.4316 -12.038 0.425 0.9 0 0 -1
-2.61797 10.4316 -12.038 0.375 0.9 0 0 -1
-1.33322 12.6784 -12.038 0.425 0.85 0 -0.551854 -0.83394
-1.33322 10.4316 -12.038 0.425 0.9 0 0 -1
-2.61797 12.6784 -12.038 0.375 0.85 0 -0.576597 -0.817029
-1.33322 12.6784 -12.038 0.425 0.85 0 -0.551854 -0.83394
-0.048469 10.4316 -12.038 0.475 0.9 0 0 -1
-1.33322 10.4316 -12.038 0.425 0.9 0 0 -1
-0.048469 12.6784 -12.038 0.475 0.85 0 -0.542153 -0.84028
-0.048469 10.4316 -12.038 0.475 0.9 0 0 -1
-1.33322 12.6784 -12.038 0.425 0.85 0 -0.551854 -0.83394
-0.048469 12.6784 -12.038 0.475 0.85 0 -0.542153 -0.84028
1.23628 10.4316 -12.038 0.525 0.9 0 0 -1
-0.048469 10.4316 -12.038 0.475 0.9 0 0 -1
1.23628 12.6784 -12.038 0.525 0.85 0 -0.551778 -0.833991
1.23628 10.4316 -12.038 0.525 0.9 0 0 -1
-0.048469 12.6784 -12.038 0.475 0.85 0 -0.542153 -0.84028
1.23628 12.6784 -12.038 0.525 0.85 0 -0.551778 -0.833991
2.52103 10.4316 -12.038 0.575 0.9 0 0 -1
1.23628 10.4316 -12.038 0.525 0.9 0 0 -1
2.52103 12.6784 -12.038 0.575 0.85 0.191686 -0.426915 -0.883742
2.52103 10.4316 -12.038 0.575 0.9 0 0 -1
1.23628 12.6784 -12.038 0.525 0.85 0 -0.551778 -0.833991
2.52103 12.6784 -12.038 0.575 0.85 0.191686 -0.426915 -0.883742
3.80579 10.4316 -12.038 0.625 0.9 0 0 -1
2.52103 10.4316 -12.038 0.575 0.9 0 0 -1
3.80579 15.898 -12.038 0.625 0.85 0.883801 -0.388935 -0.260048
3.80579 10.4316 -12.038 0.625 0.9 0 0 -1
2.52103 12.6784 -12.038 0.575 0.85 0.191686 -0.426915 -0.883742
-2.61797 12.6784 -12.038 0.375 0.85 0 -0.576597 -0.817029
-2.3621 18.6402 -17.3342 0.425 0.8 0 -0.301141 -0.95358
-1.33322 12.6784 -12.038 0.425 0.85 0 -0.551854 -0.83394
-4.48214 18.6402 -17.3342 0.375 0.8 0 -0.255321 -0.966856
-2.3621 18.6402 -17.3342 0.425 0.8 0 -0.301141 -0.95358
-2.61797 12.6784 -12.038 0.375 0.85 0 -0.576597 -0.817029
-1.33322 12.6784 -12.038 0.425 0.85 0 -0.551854 -0.83394
-0.242066 18.6402 -17.3342 0.475 0.8 0 -0.294443 -0.955669
-0.048469 12.6784 -12.038 0.475 0.85 0 -0.542153 -0.84028
-2.3621 18.6402 -17.3342 0.425 0.8 0 -0.301141 -0.95358
-0.242066 18.6402 -17.3342 0.475 0.8 0 -0.294443 -0.955669
-1.33322 12.6784 -12.038 0.425 0.85 0 -0.551854 -0.83394
-0.242066 18.6402 -17.3342 0.475 0.8 0 -0.294443 -0.955669
1.23628 12.6784 -12.038 0.525 0.85 0 -0.551778 -0.833991
-0.048469 12.6784 -12.038 0.475 0.85 0 -0.542153 -0.84028
1.87797 18.6402 -17.3342 0.525 0.8 0 -0.301087 -0.953597
1.23628 12.6784 -12.038 0.525 0.85 0 -0.551778 -0.833991
-0.242066 18.6402 -17.3342 0.475 0.8 0 -0.294443 -0.955669
1.87797 18.6402 -17.3342 0.525 0.8 0 -0.301087 -0.953597
2.52103 12.6784 -12.038 0.575 0.85 0.191686 -0.426915 -0.883742
1.23628 12.6784 -12.038 0.525 0.85 0 -0.551778 -0.833991
3.99801 18.6402 -17.3342 0.575 0.8 0.140253 -0.371069 -0.917953
2.52103 12.6784 -12.038 0.575 0.85 0.191686 -0.426915 -0.883742
1.87797 18.6402 -17.3342 0.525 0.8 0 -0.301087 -0.953597
3.99801 18.6402 -17.3342 0.575 0.8 0.140253 -0.371069 -0.917953
3.80579 15.898 -12.038 0.625 0.85 0.883801 -0.388935 -0.260048
2.52103 12.6784 -12.038 0.575 0.85 0.191686 -0.426915 -0.883742
4.98075 18.8885 -17.3342 0.625 0.8 0.11548 -0.456929 -0.881975
3.80579 15.898 -12.038 0.625 0.85 0.883801 -0.388935 -0.260048
3.99801 18.6402 -17.3342 0.575 0.8 0.140253 -0.371069 -0.917953
-4.48214 29.0483 -17.3342 0.375 0.75 0 0 -1
-2.3621 18.6402 -17.3342 0.425 0.8 0 -0.301141 -0.95358
-4.48214 18.6402 -17.3342 0.375 0.8 0 -0.255321 -0.966856
-2.3621 29.0483 -17.3342 0.425 0.75 0 0 -1
-2.3621 18.6402 -17.3342 0.425 0.8 0 -0.301141 -0.95358
-4.48214 29.0483 -17.3342 0.375 0.75 0 0 -1
-2.3621 29.0483 -17.3342 0.425 0.75 0 0 -1
-0.242066 18.6402 -17.3342 0.475 0.8 0 -0.294443 -0.955669
-2.3621 18.6402 -17.3342 0.425 0.8 0 -0.301141 -0.95358
-0.242066 29.0483 -17.3342 0.475 0.75 0 0 -1
-0.242066 18.6402 -17.3342 0.475 0.8 0 -0.294443 -0.955669
-2.3621 29.0483 -17.3342 0.425 0.75 0 0 -1
-0.242066 29.0483 -17.3342 0.475 0.75 0 0 -1
1.87797 18.6402 -17.3342 0.525 0.8 0 -0.301087 -0.953597
-0.242066 18.6402 -17.3342 0.475 0.8 0 -0.294443 -0.955669
1.87797 29.0483 -17.3342 0.525 0.75 0 0 -1
1.87797 18.6402 -17.3342 0.525 0.8 0 -0.301087 -0.953597
-0.242066 29.0483 -17.3342 0.475 0.75 0 0 -1
1.87797 29.0483 -17.3342 0.525 0.75 0 0 -1
3.99801 18.6402 -17.3342 0.575 0.8 0.140253 -0.371069 -0.917953
1.87797 18.6402 -17.3342 0.525 0.8 0 -0.301087 -0.953597
3.99801 29.0483 -17.3342 0.575 0.75 -0 0 -1
3.99801 18.6402 -17.3342 0.575 0.8 0.140253 -0.371069 -0.917953
1.87797 29.0483 -17.3342 0.525 0.75 0 0 -1
3.99801 18.6402 -17.3342 0.575 0.8 0.140253 -0.371069 -0.917953
4.98075 23.4871 -17.3342 0.625 0.75 -3e-006 0 -1
4.98075 18.8885 -17.3342 0.625 0.8 0.11548 -0.456929 -0.881975
3.99801 29.0483 -17.3342 0.575 0.75 -0 0 -1
4.98075 23.4871 -17.3342 0.625 0.75 -3e-006 0 -1
3.99801 18.6402 -17.3342 0.575 0.8 0.140253 -0.371069 -0.917953
-4.48214 29.0483 -11.9573 0.375 0.7 0 1 -0
-2.3621 29.0483 -17.3342 0.425 0.75 0 1 -0
-4.48214 29.0483 -17.3342 0.375 0.75 0 1 -0
-2.3621 29.0483 -11.9573 0.425 0.7 0 1 -0
-2.3621 29.0483 -17.3342 0.425 0.75 0 1 -0
-4.48214 29.0483 -11.9573 0.375 0.7 0 1 -0
-2.3621 29.0483 -11.9573 0.425 0.7 0 1 -0
-0.242066 29.0483 -17.3342 0.475 0.75 0 1 -0
-2.3621 29.0483 -17.3342 0.425 0.75 0 1 -0
-0.242066 29.0483 -11.9573 0.475 0.7 0 1 -0
-0.242066 29.0483 -17.3342 0.475 0.75 0 1 -0
-2.3621 29.0483 -11.9573 0.425 0.7 0 1 -0
-0.242066 29.0483 -11.9573 0.475 0.7 0 1 -0
1.87797 29.0483 -17.3342 0.525 0.75 0 1 -0
-0.242066 29.0483 -17.3342 0.475 0.75 0 1 -0
1.87797 29.0483 -11.9573 0.525 0.7 0 1 -0
1.87797 29.0483 -17.3342 0.525 0.75 0 1 -0
-0.242066 29.0483 -11.9573 0.475 0.7 0 1 -0
1.87797 29.0483 -11.9573 0.525 0.7 0 1 -0
3.99801 29.0483 -17.3342 0.575 0.75 0.873274 0.48723 -0
1.87797 29.0483 -17.3342 0.525 0.75 0 1 -0
3.99801 29.0483 -11.9573 0.575 0.7 0.873274 0.48723 -0
3.99801 29.0483 -17.3342 0.575 0.75 0.873274 0.48723 -0
1.87797 29.0483 -11.9573 0.525 0.7 0 1 -0
3.99801 29.0483 -11.9573 0.575 0.7 0.873274 0.48723 -0
4.98075 23.4871 -17.3342 0.625 0.75 0.984743 0.174018 -0
3.99801 29.0483 -17.3342 0.575 0.75 0.873274 0.48723 -0
4.98075 23.4871 -11.9573 0.625 0.7 0.984743 0.174018 -0
4.98075 23.4871 -17.3342 0.625 0.75 0.984743 0.174018 -0
3.99801 29.0483 -11.9573 0.575 0.7 0.873274 0.48723 -0
-4.48214 29.0483 -6.58042 0.375 0.65 0 1 -0
-2.3621 29.0483 -11.9573 0.425 0.7 0 1 -0
-4.48214 29.0483 -11.9573 0.375 0.7 0 1 -0
-2.3621 29.0483 -6.58042 0.425 0.65 0 1 -0
-2.3621 29.0483 -11.9573 0.425 0.7 0 1 -0
-4.48214 29.0483 -6.58042 0.375 0.65 0 1 -0
-2.3621 29.0483 -6.58042 0.425 0.65 0 1 -0
-0.242066 29.0483 -11.9573 0.475 0.7 0 1 -0
-2.3621 29.0483 -11.9573 0.425 0.7 0 1 -0
-0.242066 29.0483 -6.58042 0.475 0.65 0 1 -0
-0.242066 29.0483 -11.9573 0.475 0.7 0 1 -0
-2.3621 29.0483 -6.58042 0.425 0.65 0 1 -0
-0.242066 29.0483 -6.58042 0.475 0.65 0 1 -0
1.87797 29.0483 -11.9573 0.525 0.7 0 1 -0
-0.242066 29.0483 -11.9573 0.475 0.7 0 1 -0
1.87797 29.0483 -6.58042 0.525 0.65 0 1 -0
1.87797 29.0483 -11.9573 0.525 0.7 0 1 -0
-0.242066 29.0483 -6.58042 0.475 0.65 0 1 -0
1.87797 29.0483 -6.58042 0.525 0.65 0 1 -0
3.99801 29.0483 -11.9573 0.575 0.7 0.873274 0.48723 -0
1.87797 29.0483 -11.9573 0.525 0.7 0 1 -0
3.99801 29.0483 -6.58042 0.575 0.65 0.873274 0.48723 -0
3.99801 29.0483 -11.9573 0.575 0.7 0.873274 0.48723 -0
1.87797 29.0483 -6.58042 0.525 0.65 0 1 -0
3.99801 29.0483 -6.58042 0.575 0.65 0.873274 0.48723 -0
4.98075 23.4871 -11.9573 0.625 0.7 0.984743 0.174018 -0
3.99801 29.0483 -11.9573 0.575 0.7 0.873274 0.48723 -0
4.98075 23.4871 -6.58042 0.625 0.65 0.984743 0.174018 -0
4.98075 23.4871 -11.9573 0.625 0.7 0.984743 0.174018 -0
3.99801 29.0483 -6.58042 0.575 0.65 0.873274 0.48723 -0
-4.48214 29.0483 -1.20354 0.375 0.6 0 1 -0
-2.3621 29.0483 -6.58042 0.425 0.65 0 1 -0
-4.48214 29.0483 -6.58042 0.375 0.65 0 1 -0
-2.3621 29.0483 -1.20354 0.425 0.6 0 1 -0
-2.3621 29.0483 -6.58042 0.425 0.65 0 1 -0
-4.48214 29.0483 -1.20354 0.375 0.6 0 1 -0
-2.3621 29.0483 -1.20354 0.425 0.6 0 1 -0
-0.242066 29.0483 -6.58042 0.475 0.65 0 1 -0
-2.3621 29.0483 -6.58042 0.425 0.65 0 1 -0
-0.242066 29.0483 -1.20354 0.475 0.6 0 1 -0
-0.242066 29.0483 -6.58042 0.475 0.65 0 1 -0
-2.3621 29.0483 -1.20354 0.425 0.6 0 1 -0
-0.242066 29.0483 -1.20354 0.475 0.6 0 1 -0
1.87797 29.0483 -6.58042 0.525 0.65 0 1 -0
-0.242066 29.0483 -6.58042 0.475 0.65 0 1 -0
1.87797 29.0483 -1.20354 0.525 0.6 0 1 -0
1.87797 29.0483 -6.58042 0.525 0.65 0 1 -0
-0.242066 29.0483 -1.20354 0.475 0.6 0 1 -0
1.87797 29.0483 -1.20354 0.525 0.6 0 1 -0
3.99801 29.0483 -6.58042 0.575 0.65 0.873274 0.48723 -0
1.87797 29.0483 -6.58042 0.525 0.65 0 1 -0
3.99801 29.0483 -1.20354 0.575 0.6 0.873274 0.48723 -0
3.99801 29.0483 -6.58042 0.575 0.65 0.873274 0.48723 -0
1.87797 29.0483 -1.20354 0.525 0.6 0 1 -0
3.99801 29.0483 -1.20354 0.575 0.6 0.873274 0.48723 -0
4.98075 23.4871 -6.58042 0.625 0.65 0.984743 0.174018 -0
3.99801 29.0483 -6.58042 0.575 0.65 0.873274 0.48723 -0
4.98075 23.4871 -1.20354 0.625 0.6 0.984743 0.174018 -0
4.98075 23.4871 -6.58042 0.625 0.65 0.984743 0.174018 -0
3.99801 29.0483 -1.20354 0.575 0.6 0.873274 0.48723 -0
-4.48214 29.0483 4.17334 0.375 0.55 0 1 -0
-2.3621 29.0483 -1.20354 0.425 0.6 0 1 -0
-4.48214 29.0483 -1.20354 0.375 0.6 0 1 -0
-2.3621 29.0483 4.17334 0.425 0.55 0 1 -0
-2.3621 29.0483 -1.20354 0.425 0.6 0 1 -0
-4.48214 29.0483 4.17334 0.375 0.55 0 1 -0
-2.3621 29.0483 4.17334 0.425 0.55 0 1 -0
-0.242066 29.0483 -1.20354 0.475 0.6 0 1 -0
-2.3621 29.0483 -1.20354 0.425 0.6 0 1 -0
-0.242066 29.0483 4.17334 0.475 0.55 0 1 -0
-0.242066 29.0483 -1.20354 0.475 0.6 0 1 -0
-2.3621 29.0483 4.17334 0.425 0.55 0 1 -0
-0.242066 29.0483 4.17334 0.475 0.55 0 1 -0
1.87797 29.0483 -1.20354 0.525 0.6 0 1 -0
-0.242066 29.0483 -1.20354 0.475 0.6 0 1 -0
1.87797 29.0483 4.17334 0.525 0.55 0 1 -0
1.87797 29.0483 -1.20354 0.525 0.6 0 1 -0
-0.242066 29.0483 4.17334 0.475 0.55 0 1 -0
1.87797 29.0483 4.17334 0.525 0.55 0 1 -0
3.99801 29.0483 -1.20354 0.575 0.6 0.873274 0.48723 -0
1.87797 29.0483 -1.20354 0.525 0.6 0 1 -0
3.99801 29.0483 4.17334 0.575 0.55 0.873274 0.48723 -0
3.99801 29.0483 -1.20354 0.575 0.6 0.873274 0.48723 -0
1.87797 29.0483 4.17334 0.525 0.55 0 1 -0
3.99801 29.0483 4.17334 0.575 0.55 0.873274 0.48723 -0
4.98075 23.4871 -1.20354 0.625 0.6 0.984743 0.174018 -0
3.99801 29.0483 -1.20354 0.575 0.6 0.873274 0.48723 -0
4.98075 23.4871 4.17334 0.625 0.55 0.984743 0.174018 -0
4.98075 23.4871 -1.20354 0.625 0.6 0.984743 0.174018 -0
3.99801 29.0483 4.17334 0.575 0.55 0.873274 0.48723 -0
-4.48214 29.0483 9.55022 0.375 0.5 0 1 -0
-2.3621 29.0483 4.17334 0.425 0.55 0 1 -0
-4.48214 29.0483 4.17334 0.375 0.55 0 1 -0
-2.3621 29.0483 9.55022 0.425 0.5 0 1 -0
-2.3621 29.0483 4.17334 0.425 0.55 0 1 -0
-4.48214 29.0483 9.55022 0.375 0.5 0 1 -0
-2.3621 29.0483 9.55022 0.425 0.5 0 1 -0
-0.242066 29.0483 4.17334 0.475 0.55 0 1 -0
-2.3621 29.0483 4.17334 0.425 0.55 0 1 -0
-0.242066 29.0483 9.55022 0.475 0.5 0 1 -0
-0.242066 29.0483 4.17334 0.475 0.55 0 1 -0
-2.3621 29.0483 9.55022 0.425 0.5 0 1 -0
-0.242066 29.0483 9.55022 0.475 0.5 0 1 -0
1.87797 29.0483 4.17334 0.525 0.55 0 1 -0
-0.242066 29.0483 4.17334 0.475 0.55 0 1 -0
1.87797 29.0483 9.55022 0.525 0.5 0 1 -0
1.87797 29.0483 4.17334 0.525 0.55 0 1 -0
-0.242066 29.0483 9.55022 0.475 0.5 0 1 -0
1.87797 29.0483 9.55022 0.525 0.5 0 1 -0
3.99801 29.0483 4.17334 0.575 0.55 0.873274 0.48723 -0
1.87797 29.0483 4.17334 0.525 0.55 0 1 -0
3.99801 29.0483 9.55022 0.575 0.5 0.873274 0.48723 -0
3.99801 29.0483 4.17334 0.575 0.55 0.873274 0.48723 -0
1.87797 29.0483 9.55022 0.525 0.5 0 1 -0
3.99801 29.0483 9.55022 0.575 0.5 0.873274 0.48723 -0
4.98075 23.4871 4.17334 0.625 0.55 0.984743 0.174018 -0
3.99801 29.0483 4.17334 0.575 0.55 0.873274 0.48723 -0
4.98075 23.4871 9.55022 0.625 0.5 0.984743 0.174018 -0
4.98075 23.4871 4.17334 0.625 0.55 0.984743 0.174018 -0
3.99801 29.0483 9.55022 0.575 0.5 0.873274 0.48723 -0
-4.48214 18.6402 9.55022 0.375 0.45 0 -0.255322 0.966856
-2.3621 29.0483 9.55022 0.425 0.5 0 0 1
-4.48214 29.0483 9.55022 0.375 0.5 0 0 1
-2.3621 18.6402 9.55022 0.425 0.45 0 -0.301141 0.95358
-2.3621 29.0483 9.55022 0.425 0.5 0 0 1
-4.48214 18.6402 9.55022 0.375 0.45 0 -0.255322 0.966856
-2.3621 18.6402 9.55022 0.425 0.45 0 -0.301141 0.95358
-0.242066 29.0483 9.55022 0.475 0.5 0 0 1
-2.3621 29.0483 9.55022 0.425 0.5 0 0 1
-0.242066 18.6402 9.55022 0.475 0.45 0 -0.294443 0.955669
-0.242066 29.0483 9.55022 0.475 0.5 0 0 1
-2.3621 18.6402 9.55022 0.425 0.45 0 -0.301141 0.95358
-0.242066 18.6402 9.55022 0.475 0.45 0 -0.294443 0.955669
1.87797 29.0483 9.55022 0.525 0.5 0 0 1
-0.242066 29.0483 9.55022 0.475 0.5 0 0 1
1.87797 18.6402 9.55022 0.525 0.45 0 -0.301087 0.953597
1.87797 29.0483 9.55022 0.525 0.5 0 0 1
-0.242066 18.6402 9.55022 0.475 0.45 0 -0.294443 0.955669
1.87797 18.6402 9.55022 0.525 0.45 0 -0.301087 0.953597
3.99801 29.0483 9.55022 0.575 0.5 -0 0 1
1.87797 29.0483 9.55022 0.525 0.5 0 0 1
3.99801 18.6402 9.55022 0.575 0.45 0.140252 -0.371069 0.917953
3.99801 29.0483 9.55022 0.575 0.5 -0 0 1
1.87797 18.6402 9.55022 0.525 0.45 0 -0.301087 0.953597
3.99801 18.6402 9.55022 0.575 0.45 0.140252 -0.371069 0.917953
4.98075 23.4871 9.55022 0.625 0.5 -3e-006 0 1
3.99801 29.0483 9.55022 0.575 0.5 -0 0 1
4.98075 18.8885 9.55022 0.625 0.45 0.115478 -0.45693 0.881975
4.98075 23.4871 9.55022 0.625 0.5 -3e-006 0 1
3.99801 18.6402 9.55022 0.575 0.45 0.140252 -0.371069 0.917953
-2.61797 12.6784 4.25405 0.375 0.4 0 -0.576596 0.817029
-2.3621 18.6402 9.55022 0.425 0.45 0 -0.301141 0.95358
-4.48214 18.6402 9.55022 0.375 0.45 0 -0.255322 0.966856
-1.33322 12.6784 4.25405 0.425 0.4 0 -0.551854 0.833941
-2.3621 18.6402 9.55022 0.425 0.45 0 -0.301141 0.95358
-2.61797 12.6784 4.25405 0.375 0.4 0 -0.576596 0.817029
-1.33322 12.6784 4.25405 0.425 0.4 0 -0.551854 0.833941
-0.242066 18.6402 9.55022 0.475 0.45 0 -0.294443 0.955669
-2.3621 18.6402 9.55022 0.425 0.45 0 -0.301141 0.95358
-0.048469 12.6784 4.25405 0.475 0.4 0 -0.542152 0.84028
-0.242066 18.6402 9.55022 0.475 0.45 0 -0.294443 0.955669
-1.33322 12.6784 4.25405 0.425 0.4 0 -0.551854 0.833941
-0.242066 18.6402 9.55022 0.475 0.45 0 -0.294443 0.955669
1.23628 12.6784 4.25405 0.525 0.4 0 -0.551778 0.833991
1.87797 18.6402 9.55022 0.525 0.45 0 -0.301087 0.953597
-0.048469 12.6784 4.25405 0.475 0.4 0 -0.542152 0.84028
1.23628 12.6784 4.25405 0.525 0.4 0 -0.551778 0.833991
-0.242066 18.6402 9.55022 0.475 0.45 0 -0.294443 0.955669
1.87797 18.6402 9.55022 0.525 0.45 0 -0.301087 0.953597
2.52103 12.6784 4.25405 0.575 0.4 0.191686 -0.426915 0.883742
3.99801 18.6402 9.55022 0.575 0.45 0.140252 -0.371069 0.917953
1.23628 12.6784 4.25405 0.525 0.4 0 -0.551778 0.833991
2.52103 12.6784 4.25405 0.575 0.4 0.191686 -0.426915 0.883742
1.87797 18.6402 9.55022 0.525 0.45 0 -0.301087 0.953597
3.99801 18.6402 9.55022 0.575 0.45 0.140252 -0.371069 0.917953
3.80579 15.898 4.25405 0.625 0.4 0.883801 -0.388935 0.260048
4.98075 18.8885 9.55022 0.625 0.45 0.115478 -0.45693 0.881975
2.52103 12.6784 4.25405 0.575 0.4 0.191686 -0.426915 0.883742
3.80579 15.898 4.25405 0.625 0.4 0.883801 -0.388935 0.260048
3.99801 18.6402 9.55022 0.575 0.45 0.140252 -0.371069 0.917953
-2.61797 10.4316 4.25405 0.375 0.35 0 0 1
-1.33322 12.6784 4.25405 0.425 0.4 0 -0.551854 0.833941
-2.61797 12.6784 4.25405 0.375 0.4 0 -0.576596 0.817029
-1.33322 10.4316 4.25405 0.425 0.35 0 0 1
-1.33322 12.6784 4.25405 0.425 0.4 0 -0.551854 0.833941
-2.61797 10.4316 4.25405 0.375 0.35 0 0 1
-1.33322 10.4316 4.25405 0.425 0.35 0 0 1
-0.048469 12.6784 4.25405 0.475 0.4 0 -0.542152 0.84028
-1.33322 12.6784 4.25405 0.425 0.4 0 -0.551854 0.833941
-0.048469 10.4316 4.25405 0.475 0.35 0 0 1
-0.048469 12.6784 4.25405 0.475 0.4 0 -0.542152 0.84028
-1.33322 10.4316 4.25405 0.425 0.35 0 0 1
-0.048469 10.4316 4.25405 0.475 0.35 0 0 1
1.23628 12.6784 4.25405 0.525 0.4 0 -0.551778 0.833991
-0.048469 12.6784 4.25405 0.475 0.4 0 -0.542152 0.84028
1.23628 10.4316 4.25405 0.525 0.35 0 0 1
1.23628 12.6784 4.25405 0.525 0.4 0 -0.551778 0.833991
-0.048469 10.4316 4.25405 0.475 0.35 0 0 1
1.23628 10.4316 4.25405 0.525 0.35 0 0 1
2.52103 12.6784 4.25405 0.575 0.4 0.191686 -0.426915 0.883742
1.23628 12.6784 4.25405 0.525 0.4 0 -0.551778 0.833991
2.52103 10.4316 4.25405 0.575 0.35 0 0 1
2.52103 12.6784 4.25405 0.575 0.4 0.191686 -0.426915 0.883742
1.23628 10.4316 4.25405 0.525 0.35 0 0 1
2.52103 12.6784 4.25405 0.575 0.4 0.191686 -0.426915 0.883742
3.80579 10.4316 4.25405 0.625 0.35 0 0 1
3.80579 15.898 4.25405 0.625 0.4 0.883801 -0.388935 0.260048
2.52103 10.4316 4.25405 0.575 0.35 0 0 1
3.80579 10.4316 4.25405 0.625 0.35 0 0 1
2.52103 12.6784 4.25405 0.575 0.4 0.191686 -0.426915 0.883742
-2.61797 5.65652 4.25405 0.375 0.3 0 0 1
-1.33322 10.4316 4.25405 0.425 0.35 0 0 1
-2.61797 10.4316 4.25405 0.375 0.35 0 0 1
-1.33322 5.65652 4.25405 0.425 0.3 0 0 1
-1.33322 10.4316 4.25405 0.425 0.35 0 0 1
-2.61797 5.65652 4.25405 0.375 0.3 0 0 1
-1.33322 5.65652 4.25405 0.425 0.3 0 0 1
-0.048469 10.4316 4.25405 0.475 0.35 0 0 1
-1.33322 10.4316 4.25405 0.425 0.35 0 0 1
-0.048469 5.65652 4.25405 0.475 0.3 0 0 1
-0.048469 10.4316 4.25405 0.475 0.35 0 0 1
-1.33322 5.65652 4.25405 0.425 0.3 0 0 1
-0.048469 5.65652 4.25405 0.475 0.3 0 0 1
1.23628 10.4316 4.25405 0.525 0.35 0 0 1
-0.048469 10.4316 4.25405 0.475 0.35 0 0 1
1.23628 5.65652 4.25405 0.525 0.3 0 0 1
1.23628 10.4316 4.25405 0.525 0.35 0 0 1
-0.048469 5.65652 4.25405 0.475 0.3 0 0 1
1.23628 5.65652 4.25405 0.525 0.3 0 0 1
2.52103 10.4316 4.25405 0.575 0.35 0 0 1
1.23628 10.4316 4.25405 0.525 0.35 0 0 1
2.52103 5.65652 4.25405 0.575 0.3 0 0 1
2.52103 10.4316 4.25405 0.575 0.35 0 0 1
1.23628 5.65652 4.25405 0.525 0.3 0 0 1
2.52103 5.65652 4.25405 0.575 0.3 0 0 1
3.80579 10.4316 4.25405 0.625 0.35 0 0 1
2.52103 10.4316 4.25405 0.575 0.35 0 0 1
3.80579 5.65652 4.25405 0.625 0.3 0 0 1
3.80579 10.4316 4.25405 0.625 0.35 0 0 1
2.52103 5.65652 4.25405 0.575 0.3 0 0 1
-2.61797 0.881392 4.25405 0.375 0.25 0 0 1
-1.33322 5.65652 4.25405 0.425 0.3 0 0 1
-2.61797 5.65652 4.25405 0.375 0.3 0 0 1
-1.33322 0.881392 4.25405 0.425 0.25 0 0 1
-1.33322 5.65652 4.25405 0.425 0.3 0 0 1
-2.61797 0.881392 4.25405 0.375 0.25 0 0 1
-1.33322 0.881392 4.25405 0.425 0.25 0 0 1
-0.048469 5.65652 4.25405 0.475 0.3 0 0 1
-1.33322 5.65652 4.25405 0.425 0.3 0 0 1
-0.048469 0.881392 4.25405 0.475 0.25 0 0 1
-0.048469 5.65652 4.25405 0.475 0.3 0 0 1
-1.33322 0.881392 4.25405 0.425 0.25 0 0 1
-0.048469 0.881392 4.25405 0.475 0.25 0 0 1
1.23628 5.65652 4.25405 0.525 0.3 0 0 1
-0.048469 5.65652 4.25405 0.475 0.3 0 0 1
1.23628 0.881392 4.25405 0.525 0.25 0 0 1
1.23628 5.65652 4.25405 0.525 0.3 0 0 1
-0.048469 0.881392 4.25405 0.475 0.25 0 0 1
1.23628 0.881392 4.25405 0.525 0.25 0 0 1
2.52103 5.65652 4.25405 0.575 0.3 0 0 1
1.23628 5.65652 4.25405 0.525 0.3 0 0 1
2.52103 0.881392 4.25405 0.575 0.25 0 0 1
2.52103 5.65652 4.25405 0.575 0.3 0 0 1
1.23628 0.881392 4.25405 0.525 0.25 0 0 1
2.52103 0.881392 4.25405 0.575 0.25 0 0 1
3.80579 5.65652 4.25405 0.625 0.3 0 0 1
2.52103 5.65652 4.25405 0.575 0.3 0 0 1
3.80579 0.881392 4.25405 0.625 0.25 0 0 1
3.80579 5.65652 4.25405 0.625 0.3 0 0 1
2.52103 0.881392 4.25405 0.575 0.25 0 0 1
-2.61797 0.881392 0.995635 0.375 0.2 0 -1 -0
-1.33322 0.881392 4.25405 0.425 0.25 0 -1 -0
-2.61797 0.881392 4.25405 0.375 0.25 0 -1 -0
-1.33322 0.881392 0.995635 0.425 0.2 0 -1 -0
-1.33322 0.881392 4.25405 0.425 0.25 0 -1 -0
-2.61797 0.881392 0.995635 0.375 0.2 0 -1 -0
-1.33322 0.881392 0.995635 0.425 0.2 0 -1 -0
-0.048469 0.881392 4.25405 0.475 0.25 0 -1 -0
-1.33322 0.881392 4.25405 0.425 0.25 0 -1 -0
-0.048469 0.881392 0.995635 0.475 0.2 0 -1 -0
-0.048469 0.881392 4.25405 0.475 0.25 0 -1 -0
-1.33322 0.881392 0.995635 0.425 0.2 0 -1 -0
-0.048469 0.881392 0.995635 0.475 0.2 0 -1 -0
1.23628 0.881392 4.25405 0.525 0.25 0 -1 -0
-0.048469 0.881392 4.25405 0.475 0.25 0 -1 -0
1.23628 0.881392 0.995635 0.525 0.2 0 -1 -0
1.23628 0.881392 4.25405 0.525 0.25 0 -1 -0
-0.048469 0.881392 0.995635 0.475 0.2 0 -1 -0
1.23628 0.881392 0.995635 0.525 0.2 0 -1 -0
2.52103 0.881392 4.25405 0.575 0.25 0 -1 -0
1.23628 0.881392 4.25405 0.525 0.25 0 -1 -0
2.52103 0.881392 0.995635 0.575 0.2 -0 -1 -0
2.52103 0.881392 4.25405 0.575 0.25 0 -1 -0
1.23628 0.881392 0.995635 0.525 0.2 0 -1 -0
2.52103 0.881392 0.995635 0.575 0.2 -0 -1 -0
3.80579 0.881392 4.25405 0.625 0.25 -0 -1 -1e-006
2.52103 0.881392 4.25405 0.575 0.25 0 -1 -0
8.64011 0.88139 0.995635 0.625 0.2 -0 -1 -1e-006
3.80579 0.881392 4.25405 0.625 0.25 -0 -1 -1e-006
2.52103 0.881392 0.995635 0.575 0.2 -0 -1 -0
-2.61797 0.881392 -2.26278 0.375 0.15 0 -1 -0
-1.33322 0.881392 0.995635 0.425 0.2 0 -1 -0
-2.61797 0.881392 0.995635 0.375 0.2 0 -1 -0
-1.33322 0.881392 -2.26278 0.425 0.15 0 -1 -0
-1.33322 0.881392 0.995635 0.425 0.2 0 -1 -0
-2.61797 0.881392 -2.26278 0.375 0.15 0 -1 -0
-1.33322 0.881392 -2.26278 0.425 0.15 0 -1 -0
-0.048469 0.881392 0.995635 0.475 0.2 0 -1 -0
-1.33322 0.881392 0.995635 0.425 0.2 0 -1 -0
-0.048469 0.881392 -2.26278 0.475 0.15 0 -1 -0
-0.048469 0.881392 0.995635 0.475 0.2 0 -1 -0
-1.33322 0.881392 -2.26278 0.425 0.15 0 -1 -0
-0.048469 0.881392 -2.26278 0.475 0.15 0 -1 -0
1.23628 0.881392 0.995635 0.525 0.2 0 -1 -0
-0.048469 0.881392 0.995635 0.475 0.2 0 -1 -0
1.23628 0.881392 -2.26278 0.525 0.15 0 -1 -0
1.23628 0.881392 0.995635 0.525 0.2 0 -1 -0
-0.048469 0.881392 -2.26278 0.475 0.15 0 -1 -0
1.23628 0.881392 -2.26278 0.525 0.15 0 -1 -0
2.52103 0.881392 0.995635 0.575 0.2 -0 -1 -0
1.23628 0.881392 0.995635 0.525 0.2 0 -1 -0
2.52103 0.881392 -2.26278 0.575 0.15 -0 -1 -0
2.52103 0.881392 0.995635 0.575 0.2 -0 -1 -0
1.23628 0.881392 -2.26278 0.525 0.15 0 -1 -0
2.52103 0.881392 -2.26278 0.575 0.15 -0 -1 -0
8.64011 0.88139 0.995635 0.625 0.2 -0 -1 -1e-006
2.52103 0.881392 0.995635 0.575 0.2 -0 -1 -0
13.2909 0.88139 -2.26278 0.625 0.15 -0 -1 -0
8.64011 0.88139 0.995635 0.625 0.2 -0 -1 -1e-006
2.52103 0.881392 -2.26278 0.575 0.15 -0 -1 -0
-2.61797 0.881392 -5.52119 0.375 0.1 0 -1 -0
-1.33322 0.881392 -2.26278 0.425 0.15 0 -1 -0
-2.61797 0.881392 -2.26278 0.375 0.15 0 -1 -0
-1.33322 0.881392 -5.52119 0.425 0.1 0 -1 -0
-1.33322 0.881392 -2.26278 0.425 0.15 0 -1 -0
-2.61797 0.881392 -5.52119 0.375 0.1 0 -1 -0
-1.33322 0.881392 -5.52119 0.425 0.1 0 -1 -0
-0.048469 0.881392 -2.26278 0.475 0.15 0 -1 -0
-1.33322 0.881392 -2.26278 0.425 0.15 0 -1 -0
-0.048469 0.881392 -5.52119 0.475 0.1 0 -1 -0
-0.048469 0.881392 -2.26278 0.475 0.15 0 -1 -0
-1.33322 0.881392 -5.52119 0.425 0.1 0 -1 -0
-0.048469 0.881392 -5.52119 0.475 0.1 0 -1 -0
1.23628 0.881392 -2.26278 0.525 0.15 0 -1 -0
-0.048469 0.881392 -2.26278 0.475 0.15 0 -1 -0
1.23628 0.881392 -5.52119 0.525 0.1 0 -1 -0
1.23628 0.881392 -2.26278 0.525 0.15 0 -1 -0
-0.048469 0.881392 -5.52119 0.475 0.1 0 -1 -0
1.23628 0.881392 -5.52119 0.525 0.1 0 -1 -0
2.52103 0.881392 -2.26278 0.575 0.15 -0 -1 -0
1.23628 0.881392 -2.26278 0.525 0.15 0 -1 -0
2.52103 0.881392 -5.52119 0.575 0.1 -0 -1 0
2.52103 0.881392 -2.26278 0.575 0.15 -0 -1 -0
1.23628 0.881392 -5.52119 0.525 0.1 0 -1 -0
2.52103 0.881392 -5.52119 0.575 0.1 -0 -1 0
13.2909 0.88139 -2.26278 0.625 0.15 -0 -1 -0
2.52103 0.881392 -2.26278 0.575 0.15 -0 -1 -0
13.2909 0.88139 -5.52119 0.625 0.1 -0 -1 0
13.2909 0.88139 -2.26278 0.625 0.15 -0 -1 -0
2.52103 0.881392 -5.52119 0.575 0.1 -0 -1 0
-2.61797 0.881392 -8.7796 0.375 0.05 0 -1 -0
-1.33322 0.881392 -5.52119 0.425 0.1 0 -1 -0
-2.61797 0.881392 -5.52119 0.375 0.1 0 -1 -0
-1.33322 0.881392 -8.7796 0.425 0.05 0 -1 -0
-1.33322 0.881392 -5.52119 0.425 0.1 0 -1 -0
-2.61797 0.881392 -8.7796 0.375 0.05 0 -1 -0
-1.33322 0.881392 -8.7796 0.425 0.05 0 -1 -0
-0.048469 0.881392 -5.52119 0.475 0.1 0 -1 -0
-1.33322 0.881392 -5.52119 0.425 0.1 0 -1 -0
-0.048469 0.881392 -8.7796 0.475 0.05 0 -1 -0
-0.048469 0.881392 -5.52119 0.475 0.1 0 -1 -0
-1.33322 0.881392 -8.7796 0.425 0.05 0 -1 -0
-0.048469 0.881392 -8.7796 0.475 0.05 0 -1 -0
1.23628 0.881392 -5.52119 0.525 0.1 0 -1 -0
-0.048469 0.881392 -5.52119 0.475 0.1 0 -1 -0
1.23628 0.881392 -8.7796 0.525 0.05 0 -1 -0
1.23628 0.881392 -5.52119 0.525 0.1 0 -1 -0
-0.048469 0.881392 -8.7796 0.475 0.05 0 -1 -0
1.23628 0.881392 -8.7796 0.525 0.05 0 -1 -0
2.52103 0.881392 -5.52119 0.575 0.1 -0 -1 0
1.23628 0.881392 -5.52119 0.525 0.1 0 -1 -0
2.52103 0.881392 -8.7796 0.575 0.05 -0 -1 0
2.52103 0.881392 -5.52119 0.575 0.1 -0 -1 0
1.23628 0.881392 -8.7796 0.525 0.05 0 -1 -0
2.52103 0.881392 -5.52119 0.575 0.1 -0 -1 0
8.64011 0.88139 -8.7796 0.625 0.05 -0 -1 1e-006
13.2909 0.88139 -5.52119 0.625 0.1 -0 -1 0
2.52103 0.881392 -8.7796 0.575 0.05 -0 -1 0
8.64011 0.88139 -8.7796 0.625 0.05 -0 -1 1e-006
2.52103 0.881392 -5.52119 0.575 0.1 -0 -1 0
-2.61797 0.881392 -12.038 0.375 0 0 -1 -0
-1.33322 0.881392 -8.7796 0.425 0.05 0 -1 -0
-2.61797 0.881392 -8.7796 0.375 0.05 0 -1 -0
-1.33322 0.881392 -12.038 0.425 0 0 -1 -0
-1.33322 0.881392 -8.7796 0.425 0.05 0 -1 -0
-2.61797 0.881392 -12.038 0.375 0 0 -1 -0
-1.33322 0.881392 -12.038 0.425 0 0 -1 -0
-0.048469 0.881392 -8.7796 0.475 0.05 0 -1 -0
-1.33322 0.881392 -8.7796 0.425 0.05 0 -1 -0
-0.048469 0.881392 -12.038 0.475 0 0 -1 -0
-0.048469 0.881392 -8.7796 0.475 0.05 0 -1 -0
-1.33322 0.881392 -12.038 0.425 0 0 -1 -0
-0.048469 0.881392 -12.038 0.475 0 0 -1 -0
1.23628 0.881392 -8.7796 0.525 0.05 0 -1 -0
-0.048469 0.881392 -8.7796 0.475 0.05 0 -1 -0
1.23628 0.881392 -12.038 0.525 0 0 -1 -0
1.23628 0.881392 -8.7796 0.525 0.05 0 -1 -0
-0.048469 0.881392 -12.038 0.475 0 0 -1 -0
1.23628 0.881392 -12.038 0.525 0 0 -1 -0
2.52103 0.881392 -8.7796 0.575 0.05 -0 -1 0
1.23628 0.881392 -8.7796 0.525 0.05 0 -1 -0
2.52103 0.881392 -12.038 0.575 0 0 -1 -0
2.52103 0.881392 -8.7796 0.575 0.05 -0 -1 0
1.23628 0.881392 -12.038 0.525 0 0 -1 -0
2.52103 0.881392 -8.7796 0.575 0.05 -0 -1 0
3.80579 0.881392 -12.038 0.625 0 -0 -1 1e-006
8.64011 0.88139 -8.7796 0.625 0.05 -0 -1 1e-006
2.52103 0.881392 -12.038 0.575 0 0 -1 -0
3.80579 0.881392 -12.038 0.625 0 -0 -1 1e-006
2.52103 0.881392 -8.7796 0.575 0.05 -0 -1 0
8.64011 5.65652 0.995635 0.825 0.95 0.56628 0 0.824213
3.80579 0.881392 4.25405 0.875 1 0.558912 0 0.829227
8.64011 0.88139 0.995635 0.825 1 0.56628 0 0.824213
3.80579 5.65652 4.25405 0.875 0.95 0.558912 0 0.829227
3.80579 0.881392 4.25405 0.875 1 0.558912 0 0.829227
8.64011 5.65652 0.995635 0.825 0.95 0.56628 0 0.824213
13.2909 5.65652 -2.26278 0.775 0.95 0.813972 -0 0.580904
8.64011 0.88139 0.995635 0.825 1 0.56628 0 0.824213
13.2909 0.88139 -2.26278 0.775 1 0.813972 -0 0.580904
8.64011 5.65652 0.995635 0.825 0.95 0.56628 0 0.824213
8.64011 0.88139 0.995635 0.825 1 0.56628 0 0.824213
13.2909 5.65652 -2.26278 0.775 0.95 0.813972 -0 0.580904
13.2909 5.65652 -5.52119 0.725 0.95 0.813972 -0 -0.580904
13.2909 0.88139 -2.26278 0.775 1 0.813972 -0 0.580904
13.2909 0.88139 -5.52119 0.725 1 0.813972 0 -0.580904
13.2909 5.65652 -2.26278 0.775 0.95 0.813972 -0 0.580904
13.2909 0.88139 -2.26278 0.775 1 0.813972 -0 0.580904
13.2909 5.65652 -5.52119 0.725 0.95 0.813972 -0 -0.580904
8.64011 5.65652 -8.7796 0.675 0.95 0.56628 0 -0.824213
13.2909 0.88139 -5.52119 0.725 1 0.813972 0 -0.580904
8.64011 0.88139 -8.7796 0.675 1 0.56628 0 -0.824213
13.2909 5.65652 -5.52119 0.725 0.95 0.813972 -0 -0.580904
13.2909 0.88139 -5.52119 0.725 1 0.813972 0 -0.580904
8.64011 5.65652 -8.7796 0.675 0.95 0.56628 0 -0.824213
3.80579 5.65652 -12.038 0.625 0.95 0.558912 0 -0.829227
8.64011 0.88139 -8.7796 0.675 1 0.56628 0 -0.824213
3.80579 0.881392 -12.038 0.625 1 0.558912 0 -0.829227
8.64011 5.65652 -8.7796 0.675 0.95 0.56628 0 -0.824213
8.64011 0.88139 -8.7796 0.675 1 0.56628 0 -0.824213
3.80579 5.65652 -12.038 0.625 0.95 0.558912 0 -0.829227
8.64011 10.4316 0.995635 0.825 0.9 0.581733 0.102412 0.806907
3.80579 5.65652 4.25405 0.875 0.95 0.558912 0 0.829227
8.64011 5.65652 0.995635 0.825 0.95 0.56628 0 0.824213
3.80579 10.4316 4.25405 0.875 0.9 0.558912 0 0.829227
3.80579 5.65652 4.25405 0.875 0.95 0.558912 0 0.829227
8.64011 10.4316 0.995635 0.825 0.9 0.581733 0.102412 0.806907
13.2909 10.4316 -2.26278 0.775 0.9 0.826765 0.27145 0.492722
8.64011 5.65652 0.995635 0.825 0.95 0.56628 0 0.824213
13.2909 5.65652 -2.26278 0.775 0.95 0.813972 -0 0.580904
8.64011 10.4316 0.995635 0.825 0.9 0.581733 0.102412 0.806907
8.64011 5.65652 0.995635 0.825 0.95 0.56628 0 0.824213
13.2909 10.4316 -2.26278 0.775 0.9 0.826765 0.27145 0.492722
13.2909 10.4316 -5.52119 0.725 0.9 0.826765 0.271449 -0.492721
13.2909 5.65652 -2.26278 0.775 0.95 0.813972 -0 0.580904
13.2909 5.65652 -5.52119 0.725 0.95 0.813972 -0 -0.580904
13.2909 10.4316 -2.26278 0.775 0.9 0.826765 0.27145 0.492722
13.2909 5.65652 -2.26278 0.775 0.95 0.813972 -0 0.580904
13.2909 10.4316 -5.52119 0.725 0.9 0.826765 0.271449 -0.492721
8.64011 10.4316 -8.7796 0.675 0.9 0.581733 0.102412 -0.806907
13.2909 5.65652 -5.52119 0.725 0.95 0.813972 -0 -0.580904
8.64011 5.65652 -8.7796 0.675 0.95 0.56628 0 -0.824213
13.2909 10.4316 -5.52119 0.725 0.9 0.826765 0.271449 -0.492721
13.2909 5.65652 -5.52119 0.725 0.95 0.813972 -0 -0.580904
8.64011 10.4316 -8.7796 0.675 0.9 0.581733 0.102412 -0.806907
3.80579 10.4316 -12.038 0.625 0.9 0.558912 0 -0.829227
8.64011 5.65652 -8.7796 0.675 0.95 0.56628 0 -0.824213
3.80579 5.65652 -12.038 0.625 0.95 0.558912 0 -0.829227
8.64011 10.4316 -8.7796 0.675 0.9 0.581733 0.102412 -0.806907
8.64011 5.65652 -8.7796 0.675 0.95 0.56628 0 -0.824213
3.80579 10.4316 -12.038 0.625 0.9 0.558912 0 -0.829227
8.64011 10.4316 0.995635 0.825 0.9 0.581733 0.102412 0.806907
3.80579 15.898 4.25405 0.875 0.85 0.701121 -0.070125 0.709586
3.80579 10.4316 4.25405 0.875 0.9 0.558912 0 0.829227
8.64011 18.4264 0.995635 0.825 0.85 0.837223 0.177771 0.51716
3.80579 15.898 4.25405 0.875 0.85 0.701121 -0.070125 0.709586
8.64011 10.4316 0.995635 0.825 0.9 0.581733 0.102412 0.806907
8.64011 18.4264 -2.26278 0.775 0.85 0.845581 0.500121 0.186741
8.64011 10.4316 0.995635 0.825 0.9 0.581733 0.102412 0.806907
13.2909 10.4316 -2.26278 0.775 0.9 0.826765 0.27145 0.492722
8.64011 18.4264 0.995635 0.825 0.85 0.837223 0.177771 0.51716
8.64011 10.4316 0.995635 0.825 0.9 0.581733 0.102412 0.806907
8.64011 18.4264 -2.26278 0.775 0.85 0.845581 0.500121 0.186741
8.64011 18.4264 -5.52119 0.725 0.85 0.85012 0.490294 -0.192114
13.2909 10.4316 -2.26278 0.775 0.9 0.826765 0.27145 0.492722
13.2909 10.4316 -5.52119 0.725 0.9 0.826765 0.271449 -0.492721
8.64011 18.4264 -2.26278 0.775 0.85 0.845581 0.500121 0.186741
13.2909 10.4316 -2.26278 0.775 0.9 0.826765 0.27145 0.492722
8.64011 18.4264 -5.52119 0.725 0.85 0.85012 0.490294 -0.192114
8.64011 10.4316 -8.7796 0.675 0.9 0.581733 0.102412 -0.806907
8.64011 18.4264 -5.52119 0.725 0.85 0.85012 0.490294 -0.192114
13.2909 10.4316 -5.52119 0.725 0.9 0.826765 0.271449 -0.492721
8.64011 18.4264 -8.7796 0.675 0.85 0.837223 0.177771 -0.51716
8.64011 18.4264 -5.52119 0.725 0.85 0.85012 0.490294 -0.192114
8.64011 10.4316 -8.7796 0.675 0.9 0.581733 0.102412 -0.806907
3.80579 15.898 -12.038 0.625 0.85 0.701121 -0.070125 -0.709586
8.64011 10.4316 -8.7796 0.675 0.9 0.581733 0.102412 -0.806907
3.80579 10.4316 -12.038 0.625 0.9 0.558912 0 -0.829227
8.64011 18.4264 -8.7796 0.675 0.85 0.837223 0.177771 -0.51716
8.64011 10.4316 -8.7796 0.675 0.9 0.581733 0.102412 -0.806907
3.80579 15.898 -12.038 0.625 0.85 0.701121 -0.070125 -0.709586
4.98075 21.4169 4.17334 0.825 0.8 0.968388 0.107183 0.225246
3.80579 15.898 4.25405 0.875 0.85 0.701121 -0.070125 0.709586
8.64011 18.4264 0.995635 0.825 0.85 0.837223 0.177771 0.51716
4.98075 18.8885 9.55022 0.875 0.8 0.98793 -0.140176 -0.065916
3.80579 15.898 4.25405 0.875 0.85 0.701121 -0.070125 0.709586
4.98075 21.4169 4.17334 0.825 0.8 0.968388 0.107183 0.225246
4.98075 21.4169 -1.20354 0.775 0.8 0.814572 0.580063 -0
8.64011 18.4264 0.995635 0.825 0.85 0.837223 0.177771 0.51716
8.64011 18.4264 -2.26278 0.775 0.85 0.845581 0.500121 0.186741
4.98075 21.4169 4.17334 0.825 0.8 0.968388 0.107183 0.225246
8.64011 18.4264 0.995635 0.825 0.85 0.837223 0.177771 0.51716
4.98075 21.4169 -1.20354 0.775 0.8 0.814572 0.580063 -0
4.98075 21.4169 -6.58042 0.725 0.8 0.818759 0.574138 -0
8.64011 18.4264 -2.26278 0.775 0.85 0.845581 0.500121 0.186741
8.64011 18.4264 -5.52119 0.725 0.85 0.85012 0.490294 -0.192114
4.98075 21.4169 -1.20354 0.775 0.8 0.814572 0.580063 -0
8.64011 18.4264 -2.26278 0.775 0.85 0.845581 0.500121 0.186741
4.98075 21.4169 -6.58042 0.725 0.8 0.818759 0.574138 -0
8.64011 18.4264 -8.7796 0.675 0.85 0.837223 0.177771 -0.51716
4.98075 21.4169 -6.58042 0.725 0.8 0.818759 0.574138 -0
8.64011 18.4264 -5.52119 0.725 0.85 0.85012 0.490294 -0.192114
4.98075 21.4169 -11.9573 0.675 0.8 0.968388 0.107183 -0.225246
4.98075 21.4169 -6.58042 0.725 0.8 0.818759 0.574138 -0
8.64011 18.4264 -8.7796 0.675 0.85 0.837223 0.177771 -0.51716
3.80579 15.898 -12.038 0.625 0.85 0.701121 -0.070125 -0.709586
4.98075 21.4169 -11.9573 0.675 0.8 0.968388 0.107183 -0.225246
8.64011 18.4264 -8.7796 0.675 0.85 0.837223 0.177771 -0.51716
4.98075 18.8885 -17.3342 0.625 0.8 0.98793 -0.140176 0.065916
4.98075 21.4169 -11.9573 0.675 0.8 0.968388 0.107183 -0.225246
3.80579 15.898 -12.038 0.625 0.85 0.701121 -0.070125 -0.709586
4.98075 21.4169 4.17334 0.825 0.8 0.968388 0.107183 0.225246
4.98075 23.4871 9.55022 0.875 0.75 1 -0 -0
4.98075 18.8885 9.55022 0.875 0.8 0.98793 -0.140176 -0.065916
4.98075 23.4871 4.17334 0.825 0.75 1 -0 -0
4.98075 23.4871 9.55022 0.875 0.75 1 -0 -0
4.98075 21.4169 4.17334 0.825 0.8 0.968388 0.107183 0.225246
4.98075 23.4871 -1.20354 0.775 0.75 1 0 -0
4.98075 21.4169 4.17334 0.825 0.8 0.968388 0.107183 0.225246
4.98075 21.4169 -1.20354 0.775 0.8 0.814572 0.580063 -0
4.98075 23.4871 4.17334 0.825 0.75 1 -0 -0
4.98075 21.4169 4.17334 0.825 0.8 0.968388 0.107183 0.225246
4.98075 23.4871 -1.20354 0.775 0.75 1 0 -0
4.98075 23.4871 -6.58042 0.725 0.75 1 0 -0
4.98075 21.4169 -1.20354 0.775 0.8 0.814572 0.580063 -0
4.98075 21.4169 -6.58042 0.725 0.8 0.818759 0.574138 -0
4.98075 23.4871 -1.20354 0.775 0.75 1 0 -0
4.98075 21.4169 -1.20354 0.775 0.8 0.814572 0.580063 -0
4.98075 23.4871 -6.58042 0.725 0.75 1 0 -0
4.98075 23.4871 -11.9573 0.675 0.75 1 0 -0
4.98075 21.4169 -6.58042 0.725 0.8 0.818759 0.574138 -0
4.98075 21.4169 -11.9573 0.675 0.8 0.968388 0.107183 -0.225246
4.98075 23.4871 -6.58042 0.725 0.75 1 0 -0
4.98075 21.4169 -6.58042 0.725 0.8 0.818759 0.574138 -0
4.98075 23.4871 -11.9573 0.675 0.75 1 0 -0
4.98075 23.4871 -17.3342 0.625 0.75 1 0 -0
4.98075 21.4169 -11.9573 0.675 0.8 0.968388 0.107183 -0.225246
4.98075 18.8885 -17.3342 0.625 0.8 0.98793 -0.140176 0.065916
4.98075 23.4871 -11.9573 0.675 0.75 1 0 -0
4.98075 21.4169 -11.9573 0.675 0.8 0.968388 0.107183 -0.225246
4.98075 23.4871 -17.3342 0.625 0.75 1 0 -0
-2.61797 5.65652 4.25405 0.125 0.95 -1 0 -0
-2.61797 0.881392 0.995635 0.175 1 -1 0 -0
-2.61797 0.881392 4.25405 0.125 1 -1 0 -0
-2.61797 5.65652 0.995635 0.175 0.95 -1 0 -0
-2.61797 0.881392 0.995635 0.175 1 -1 0 -0
-2.61797 5.65652 4.25405 0.125 0.95 -1 0 -0
-2.61797 5.65652 0.995635 0.175 0.95 -1 0 -0
-2.61797 0.881392 -2.26278 0.225 1 -1 0 -0
-2.61797 0.881392 0.995635 0.175 1 -1 0 -0
-2.61797 5.65652 -2.26278 0.225 0.95 -1 0 -0
-2.61797 0.881392 -2.26278 0.225 1 -1 0 -0
-2.61797 5.65652 0.995635 0.175 0.95 -1 0 -0
-2.61797 5.65652 -2.26278 0.225 0.95 -1 0 -0
-2.61797 0.881392 -5.52119 0.275 1 -1 0 -0
-2.61797 0.881392 -2.26278 0.225 1 -1 0 -0
-2.61797 5.65652 -5.52119 0.275 0.95 -1 0 -0
-2.61797 0.881392 -5.52119 0.275 1 -1 0 -0
-2.61797 5.65652 -2.26278 0.225 0.95 -1 0 -0
-2.61797 5.65652 -5.52119 0.275 0.95 -1 0 -0
-2.61797 0.881392 -8.7796 0.325 1 -1 0 -0
-2.61797 0.881392 -5.52119 0.275 1 -1 0 -0
-2.61797 5.65652 -8.7796 0.325 0.95 -1 0 -0
-2.61797 0.881392 -8.7796 0.325 1 -1 0 -0
-2.61797 5.65652 -5.52119 0.275 0.95 -1 0 -0
-2.61797 5.65652 -8.7796 0.325 0.95 -1 0 -0
-2.61797 0.881392 -12.038 0.375 1 -1 0 -0
-2.61797 0.881392 -8.7796 0.325 1 -1 0 -0
-2.61797 5.65652 -12.038 0.375 0.95 -1 0 -0
-2.61797 0.881392 -12.038 0.375 1 -1 0 -0
-2.61797 5.65652 -8.7796 0.325 0.95 -1 0 -0
-2.61797 10.4316 4.25405 0.125 0.9 -1 0 -0
-2.61797 5.65652 0.995635 0.175 0.95 -1 0 -0
-2.61797 5.65652 4.25405 0.125 0.95 -1 0 -0
-2.61797 10.4316 0.995635 0.175 0.9 -1 0 -0
-2.61797 5.65652 0.995635 0.175 0.95 -1 0 -0
-2.61797 10.4316 4.25405 0.125 0.9 -1 0 -0
-2.61797 10.4316 0.995635 0.175 0.9 -1 0 -0
-2.61797 5.65652 -2.26278 0.225 0.95 -1 0 -0
-2.61797 5.65652 0.995635 0.175 0.95 -1 0 -0
-2.61797 10.4316 -2.26278 0.225 0.9 -1 0 -0
-2.61797 5.65652 -2.26278 0.225 0.95 -1 0 -0
-2.61797 10.4316 0.995635 0.175 0.9 -1 0 -0
-2.61797 10.4316 -2.26278 0.225 0.9 -1 0 -0
-2.61797 5.65652 -5.52119 0.275 0.95 -1 0 -0
-2.61797 5.65652 -2.26278 0.225 0.95 -1 0 -0
-2.61797 10.4316 -5.52119 0.275 0.9 -1 0 -0
-2.61797 5.65652 -5.52119 0.275 0.95 -1 0 -0
-2.61797 10.4316 -2.26278 0.225 0.9 -1 0 -0
-2.61797 10.4316 -5.52119 0.275 0.9 -1 0 -0
-2.61797 5.65652 -8.7796 0.325 0.95 -1 0 -0
-2.61797 5.65652 -5.52119 0.275 0.95 -1 0 -0
-2.61797 10.4316 -8.7796 0.325 0.9 -1 0 -0
-2.61797 5.65652 -8.7796 0.325 0.95 -1 0 -0
-2.61797 10.4316 -5.52119 0.275 0.9 -1 0 -0
-2.61797 10.4316 -8.7796 0.325 0.9 -1 0 -0
-2.61797 5.65652 -12.038 0.375 0.95 -1 0 -0
-2.61797 5.65652 -8.7796 0.325 0.95 -1 0 -0
-2.61797 10.4316 -12.038 0.375 0.9 -1 0 -0
-2.61797 5.65652 -12.038 0.375 0.95 -1 0 -0
-2.61797 10.4316 -8.7796 0.325 0.9 -1 0 -0
-2.61797 12.6784 4.25405 0.125 0.85 -0.970487 -0.241151 0
-2.61797 10.4316 0.995635 0.175 0.9 -1 0 -0
-2.61797 10.4316 4.25405 0.125 0.9 -1 0 -0
-2.61797 12.6784 0.995635 0.175 0.85 -0.973989 -0.226597 0
-2.61797 10.4316 0.995635 0.175 0.9 -1 0 -0
-2.61797 12.6784 4.25405 0.125 0.85 -0.970487 -0.241151 0
-2.61797 12.6784 0.995635 0.175 0.85 -0.973989 -0.226597 0
-2.61797 10.4316 -2.26278 0.225 0.9 -1 0 -0
-2.61797 10.4316 0.995635 0.175 0.9 -1 0 -0
-2.61797 12.6784 -2.26278 0.225 0.85 -0.975169 -0.221462 -0
-2.61797 10.4316 -2.26278 0.225 0.9 -1 0 -0
-2.61797 12.6784 0.995635 0.175 0.85 -0.973989 -0.226597 0
-2.61797 12.6784 -2.26278 0.225 0.85 -0.975169 -0.221462 -0
-2.61797 10.4316 -5.52119 0.275 0.9 -1 0 -0
-2.61797 10.4316 -2.26278 0.225 0.9 -1 0 -0
-2.61797 12.6784 -5.52119 0.275 0.85 -0.974007 -0.226517 -0
-2.61797 10.4316 -5.52119 0.275 0.9 -1 0 -0
-2.61797 12.6784 -2.26278 0.225 0.85 -0.975169 -0.221462 -0
-2.61797 12.6784 -5.52119 0.275 0.85 -0.974007 -0.226517 -0
-2.61797 10.4316 -8.7796 0.325 0.9 -1 0 -0
-2.61797 10.4316 -5.52119 0.275 0.9 -1 0 -0
-2.61797 12.6784 -8.7796 0.325 0.85 -0.973989 -0.226597 -0
-2.61797 10.4316 -8.7796 0.325 0.9 -1 0 -0
-2.61797 12.6784 -5.52119 0.275 0.85 -0.974007 -0.226517 -0
-2.61797 12.6784 -8.7796 0.325 0.85 -0.973989 -0.226597 -0
-2.61797 10.4316 -12.038 0.375 0.9 -1 0 -0
-2.61797 10.4316 -8.7796 0.325 0.9 -1 0 -0
-2.61797 12.6784 -12.038 0.375 0.85 -0.970487 -0.241151 -0
-2.61797 10.4316 -12.038 0.375 0.9 -1 0 -0
-2.61797 12.6784 -8.7796 0.325 0.85 -0.973989 -0.226597 -0
-2.61797 12.6784 4.25405 0.125 0.85 -0.970487 -0.241151 0
-4.48214 18.6402 4.17334 0.175 0.8 -0.954429 -0.298437 0
-2.61797 12.6784 0.995635 0.175 0.85 -0.973989 -0.226597 0
-4.48214 18.6402 9.55022 0.125 0.8 -0.954429 -0.298437 0
-4.48214 18.6402 4.17334 0.175 0.8 -0.954429 -0.298437 0
-2.61797 12.6784 4.25405 0.125 0.85 -0.970487 -0.241151 0
-2.61797 12.6784 0.995635 0.175 0.85 -0.973989 -0.226597 0
-4.48214 18.6402 -1.20354 0.225 0.8 -0.954429 -0.298437 -0
-2.61797 12.6784 -2.26278 0.225 0.85 -0.975169 -0.221462 -0
-4.48214 18.6402 4.17334 0.175 0.8 -0.954429 -0.298437 0
-4.48214 18.6402 -1.20354 0.225 0.8 -0.954429 -0.298437 -0
-2.61797 12.6784 0.995635 0.175 0.85 -0.973989 -0.226597 0
-4.48214 18.6402 -1.20354 0.225 0.8 -0.954429 -0.298437 -0
-2.61797 12.6784 -5.52119 0.275 0.85 -0.974007 -0.226517 -0
-2.61797 12.6784 -2.26278 0.225 0.85 -0.975169 -0.221462 -0
-4.48214 18.6402 -6.58042 0.275 0.8 -0.954429 -0.298437 -0
-2.61797 12.6784 -5.52119 0.275 0.85 -0.974007 -0.226517 -0
-4.48214 18.6402 -1.20354 0.225 0.8 -0.954429 -0.298437 -0
-4.48214 18.6402 -6.58042 0.275 0.8 -0.954429 -0.298437 -0
-2.61797 12.6784 -8.7796 0.325 0.85 -0.973989 -0.226597 -0
-2.61797 12.6784 -5.52119 0.275 0.85 -0.974007 -0.226517 -0
-4.48214 18.6402 -11.9573 0.325 0.8 -0.954429 -0.298437 -0
-2.61797 12.6784 -8.7796 0.325 0.85 -0.973989 -0.226597 -0
-4.48214 18.6402 -6.58042 0.275 0.8 -0.954429 -0.298437 -0
-4.48214 18.6402 -11.9573 0.325 0.8 -0.954429 -0.298437 -0
-2.61797 12.6784 -12.038 0.375 0.85 -0.970487 -0.241151 -0
-2.61797 12.6784 -8.7796 0.325 0.85 -0.973989 -0.226597 -0
-4.48214 18.6402 -17.3342 0.375 0.8 -0.954429 -0.298437 -0
-2.61797 12.6784 -12.038 0.375 0.85 -0.970487 -0.241151 -0
-4.48214 18.6402 -11.9573 0.325 0.8 -0.954429 -0.298437 -0
-4.48214 29.0483 9.55022 0.125 0.75 -1 -0 -0
-4.48214 18.6402 4.17334 0.175 0.8 -1 -0 -0
-4.48214 18.6402 9.55022 0.125 0.8 -1 0 -0
-4.48214 29.0483 4.17334 0.175 0.75 -1 -0 -0
-4.48214 18.6402 4.17334 0.175 0.8 -1 -0 -0
-4.48214 29.0483 9.55022 0.125 0.75 -1 -0 -0
-4.48214 29.0483 4.17334 0.175 0.75 -1 -0 -0
-4.48214 18.6402 -1.20354 0.225 0.8 -1 -0 -0
-4.48214 18.6402 4.17334 0.175 0.8 -1 -0 -0
-4.48214 29.0483 -1.20354 0.225 0.75 -1 0 -0
-4.48214 18.6402 -1.20354 0.225 0.8 -1 -0 -0
-4.48214 29.0483 4.17334 0.175 0.75 -1 -0 -0
-4.48214 29.0483 -1.20354 0.225 0.75 -1 0 -0
-4.48214 18.6402 -6.58042 0.275 0.8 -1 0 -0
-4.48214 18.6402 -1.20354 0.225 0.8 -1 0 -0
-4.48214 29.0483 -6.58042 0.275 0.75 -1 0 -0
-4.48214 18.6402 -6.58042 0.275 0.8 -1 0 -0
-4.48214 29.0483 -1.20354 0.225 0.75 -1 0 -0
-4.48214 29.0483 -6.58042 0.275 0.75 -1 0 -0
-4.48214 18.6402 -11.9573 0.325 0.8 -1 0 -0
-4.48214 18.6402 -6.58042 0.275 0.8 -1 0 -0
-4.48214 29.0483 -11.9573 0.325 0.75 -1 0 -0
-4.48214 18.6402 -11.9573 0.325 0.8 -1 0 -0
-4.48214 29.0483 -6.58042 0.275 0.75 -1 0 -0
-4.48214 29.0483 -11.9573 0.325 0.75 -1 -0 -0
-4.48214 18.6402 -17.3342 0.375 0.8 -1 -0 -0
-4.48214 18.6402 -11.9573 0.325 0.8 -1 -0 -0
-4.48214 29.0483 -17.3342 0.375 0.75 -1 0 -0
-4.48214 18.6402 -17.3342 0.375 0.8 -1 -0 -0
-4.48214 29.0483 -11.9573 0.325 0.75 -1 -0 -0
-4.48214 29.0483 -17.3342 1 0 0 0 -0
-4.48214 18.6402 -17.3342 0 1 0 0 -0
-4.48214 18.6402 -17.3342 0 0 0 0 -0
-4.48214 29.0483 -17.3342 1 0 0 0 -0
-4.48214 29.0483 -17.3342 1 1 0 0 -0
-4.48214 18.6402 -17.3342 0 1 0 0 -0
-4.48214 29.0483 -11.9573 1 0 0 0 -0
-4.48214 29.0483 -17.3342 0 1 0 0 -0
-4.48214 29.0483 -17.3342 0 0 0 0 -0
-4.48214 29.0483 -11.9573 1 0 0 0 -0
-4.48214 29.0483 -11.9573 1 1 0 0 -0
-4.48214 29.0483 -17.3342 0 1 0 0 -0
-4.48214 29.0483 -6.58042 1 0 0 0 -0
-4.48214 29.0483 -11.9573 0 1 0 0 -0
-4.48214 29.0483 -11.9573 0 0 0 0 -0
-4.48214 29.0483 -6.58042 1 0 0 0 -0
-4.48214 29.0483 -6.58042 1 1 0 0 -0
-4.48214 29.0483 -11.9573 0 1 0 0 -0
-4.48214 29.0483 -1.20354 1 0 0 0 -0
-4.48214 29.0483 -6.58042 0 1 0 0 -0
-4.48214 29.0483 -6.58042 0 0 0 0 -0
-4.48214 29.0483 -1.20354 1 0 0 0 -0
-4.48214 29.0483 -1.20354 1 1 0 0 -0
-4.48214 29.0483 -6.58042 0 1 0 0 -0
-4.48214 29.0483 4.17334 1 0 0 0 -0
-4.48214 29.0483 -1.20354 0 1 0 0 -0
-4.48214 29.0483 -1.20354 0 0 0 0 -0
-4.48214 29.0483 4.17334 1 0 0 0 -0
-4.48214 29.0483 4.17334 1 1 0 0 -0
-4.48214 29.0483 -1.20354 0 1 0 0 -0
-4.48214 29.0483 9.55022 1 0 0 0 -0
-4.48214 29.0483 4.17334 0 1 0 0 -0
-4.48214 29.0483 4.17334 0 0 0 0 -0
-4.48214 29.0483 9.55022 1 0 0 0 -0
-4.48214 29.0483 9.55022 1 1 0 0 -0
-4.48214 29.0483 4.17334 0 1 0 0 -0
-4.48214 18.6402 9.55022 1 0 0 0 -0
-4.48214 29.0483 9.55022 0 1 0 0 -0
-4.48214 29.0483 9.55022 0 0 0 0 -0
-4.48214 18.6402 9.55022 1 0 0 0 -0
-4.48214 18.6402 9.55022 1 1 0 0 -0
-4.48214 29.0483 9.55022 0 1 0 0 -0
-4.48214 18.6402 4.17334 1 0 0 0 -0
-4.48214 18.6402 9.55022 0 1 0 0 -0
-4.48214 18.6402 9.55022 0 0 0 0 -0
-4.48214 18.6402 4.17334 1 0 0 0 -0
-4.48214 18.6402 4.17334 1 1 0 0 -0
-4.48214 18.6402 9.55022 0 1 0 0 -0
-4.48214 18.6402 -1.20354 1 0 0 0 -0
-4.48214 18.6402 4.17334 0 1 0 0 -0
-4.48214 18.6402 4.17334 0 0 0 0 -0
-4.48214 18.6402 -1.20354 1 0 0 0 -0
-4.48214 18.6402 -1.20354 1 1 0 0 -0
-4.48214 18.6402 4.17334 0 1 0 0 -0
-4.48214 18.6402 -6.58042 1 0 0 0 -0
-4.48214 18.6402 -1.20354 0 1 0 0 -0
-4.48214 18.6402 -1.20354 0 0 0 0 -0
-4.48214 18.6402 -6.58042 1 0 0 0 -0
-4.48214 18.6402 -6.58042 1 1 0 0 -0
-4.48214 18.6402 -1.20354 0 1 0 0 -0
-4.48214 18.6402 -11.9573 1 0 0 0 -0
-4.48214 18.6402 -6.58042 0 1 0 0 -0
-4.48214 18.6402 -6.58042 0 0 0 0 -0
-4.48214 18.6402 -11.9573 1 0 0 0 -0
-4.48214 18.6402 -11.9573 1 1 0 0 -0
-4.48214 18.6402 -6.58042 0 1 0 0 -0
-4.48214 18.6402 -17.3342 1 0 0 0 -0
-4.48214 18.6402 -11.9573 0 1 0 0 -0
-4.48214 18.6402 -11.9573 0 0 0 0 -0
-4.48214 18.6402 -17.3342 1 0 0 0 -0
-4.48214 18.6402 -17.3342 1 1 0 0 -0
-4.48214 18.6402 -11.9573 0 1 0 0 -0
-4.48214 29.0483 4.17334 1 0 0 0 -0
-4.48214 18.6402 4.17334 0 1 0 0 -0
-4.48214 18.6402 4.17334 0 0 0 0 -0
-4.48214 29.0483 4.17334 1 0 0 0 -0
-4.48214 29.0483 4.17334 1 1 0 0 -0
-4.48214 18.6402 4.17334 0 1 0 0 -0
-4.48214 29.0483 -1.20354 1 0 0 0 -0
-4.48214 18.6402 -1.20354 0 1 0 0 -0
-4.48214 18.6402 -1.20354 0 0 0 0 -0
-4.48214 29.0483 -1.20354 1 0 0 0 -0
-4.48214 29.0483 -1.20354 1 1 0 0 -0
-4.48214 18.6402 -1.20354 0 1 0 0 -0
-4.48214 29.0483 -6.58042 1 0 0 0 -0
-4.48214 18.6402 -6.58042 0 1 0 0 -0
-4.48214 18.6402 -6.58042 0 0 0 0 -0
-4.48214 29.0483 -6.58042 1 0 0 0 -0
-4.48214 29.0483 -6.58042 1 1 0 0 -0
-4.48214 18.6402 -6.58042 0 1 0 0 -0
-4.48214 29.0483 -11.9573 1 0 0 0 -0
-4.48214 18.6402 -11.9573 0 1 0 0 -0
-4.48214 18.6402 -11.9573 0 0 0 0 -0
-4.48214 29.0483 -11.9573 1 0 0 0 -0
-4.48214 29.0483 -11.9573 1 1 0 0 -0
-4.48214 18.6402 -11.9573 0 1 0 0 -0
